   1.2388710e+02  -1.5737300e+01
   1.2317097e+02  -1.6046277e+01
   1.2224194e+02  -1.6586987e+01
   1.2158387e+02  -1.7256437e+01
   1.2158387e+02  -1.7977383e+01
   1.2121613e+02  -1.8337857e+01
   1.2055806e+02  -1.8827070e+01
   1.1988065e+02  -1.9393528e+01
   1.1908710e+02  -1.9522269e+01
   1.1806129e+02  -1.9882742e+01
   1.1715161e+02  -2.0062978e+01
   1.1645484e+02  -2.0191719e+01
   1.1591290e+02  -2.0294711e+01
   1.1477097e+02  -2.0912665e+01
   1.1419032e+02  -2.1324635e+01
   1.1331935e+02  -2.1633612e+01
   1.1328065e+02  -2.2534795e+01
   1.1291290e+02  -2.3976688e+01
   1.1299032e+02  -2.4929367e+01
   1.1328065e+02  -2.5573069e+01
   1.1295161e+02  -2.6602992e+01
   1.1328065e+02  -2.7375435e+01
   1.1374516e+02  -2.8353862e+01
   1.1417097e+02  -2.8971816e+01
   1.1438387e+02  -2.9795755e+01
   1.1459677e+02  -3.0645442e+01
   1.1496452e+02  -3.1778358e+01
   1.1517742e+02  -3.2422060e+01
   1.1511935e+02  -3.3143006e+01
   1.1461613e+02  -3.3863953e+01
   1.1502258e+02  -3.4713640e+01
   1.1591290e+02  -3.5408838e+01
   1.1684194e+02  -3.5537578e+01
   1.1780968e+02  -3.5666319e+01
   1.1862258e+02  -3.5305846e+01
   1.1968710e+02  -3.4636395e+01
   1.2055806e+02  -3.4353166e+01
   1.2175806e+02  -3.4404662e+01
   1.2326774e+02  -3.4327418e+01
   1.2417742e+02  -3.4018441e+01
   1.2477742e+02  -3.3297495e+01
   1.2597742e+02  -3.2937022e+01
   1.2717742e+02  -3.2602296e+01
   1.2812581e+02  -3.2576548e+01
   1.2919032e+02  -3.2190327e+01
   1.3083548e+02  -3.2087335e+01
   1.3164839e+02  -3.2190327e+01
   1.3288710e+02  -3.2550800e+01
   1.3370000e+02  -3.2962770e+01
   1.3414516e+02  -3.3451983e+01
   1.3474516e+02  -3.4301670e+01
   1.3532581e+02  -3.5357342e+01
   1.3575161e+02  -3.5589074e+01
   1.3631290e+02  -3.5177105e+01
   1.3656452e+02  -3.5357342e+01
   1.3712581e+02  -3.5434586e+01
   1.3755161e+02  -3.5460334e+01
   1.3778387e+02  -3.6181280e+01
   1.3863548e+02  -3.6129784e+01
   1.3913871e+02  -3.6644746e+01
   1.3931290e+02  -3.7314196e+01
   1.3989355e+02  -3.7803410e+01
   1.4037742e+02  -3.8369868e+01
   1.4103548e+02  -3.8756089e+01
   1.4159677e+02  -3.9013570e+01
   1.4227419e+02  -3.8884830e+01
   1.4283548e+02  -3.9168058e+01
   1.4359032e+02  -3.9374043e+01
   1.4417097e+02  -3.9219555e+01
   1.4451935e+02  -3.8859081e+01
   1.4488710e+02  -3.9090814e+01
   1.4523548e+02  -3.9193807e+01
   1.4599032e+02  -3.9554280e+01
   1.4662903e+02  -3.9451287e+01
   1.4730645e+02  -3.8910578e+01
   1.4808065e+02  -3.8627349e+01
   1.4885484e+02  -3.8292624e+01
   1.4974516e+02  -3.8395616e+01
   1.5057742e+02  -3.7957898e+01
   1.5079032e+02  -3.6232777e+01
   1.5154516e+02  -3.4687891e+01
   1.5206774e+02  -3.3503479e+01
   1.5278387e+02  -3.2679541e+01
   1.5322903e+02  -3.1726862e+01
   1.5365484e+02  -3.0387961e+01
   1.5415806e+02  -2.8688587e+01
   1.5373226e+02  -2.7272443e+01
   1.5326774e+02  -2.5289840e+01
   1.5255161e+02  -2.4311413e+01
   1.5199032e+02  -2.3564718e+01
   1.5152581e+02  -2.3255741e+01
   1.5096452e+02  -2.2122825e+01
   1.4991935e+02  -2.1582116e+01
   1.4904839e+02  -1.9702505e+01
   1.4802258e+02  -1.9316284e+01
   1.4732581e+02  -1.8389353e+01
   1.4691935e+02  -1.8337857e+01
   1.4651290e+02  -1.6998956e+01
   1.4618387e+02  -1.6355254e+01
   1.4587419e+02  -1.4758873e+01
   1.4513871e+02  -1.4063674e+01
   1.4448065e+02  -1.3857690e+01
   1.4409355e+02  -1.3419972e+01
   1.4372581e+02  -1.2132568e+01
   1.4283548e+02  -1.0407446e+01
   1.4186774e+02  -1.0716423e+01
   1.4122903e+02  -1.1566110e+01
   1.4120968e+02  -1.2956507e+01
   1.4113226e+02  -1.4475644e+01
   1.4093871e+02  -1.5763048e+01
   1.4047419e+02  -1.6921712e+01
   1.4016452e+02  -1.7101949e+01
   1.3931290e+02  -1.6612735e+01
   1.3817097e+02  -1.6020529e+01
   1.3708710e+02  -1.5325331e+01
   1.3644839e+02  -1.4784621e+01
   1.3671935e+02  -1.3677453e+01
   1.3743548e+02  -1.2441545e+01
   1.3685484e+02  -1.1926583e+01
   1.3608065e+02  -1.1746347e+01
   1.3437742e+02  -1.1669102e+01
   1.3342903e+02  -1.1257133e+01
   1.3228710e+02  -1.1051148e+01
   1.3182258e+02  -1.1591858e+01
   1.3102903e+02  -1.1720598e+01
   1.3027419e+02  -1.1926583e+01
   1.2986774e+02  -1.3239736e+01
   1.2922903e+02  -1.3857690e+01
   1.2911290e+02  -1.4372651e+01
   1.2835806e+02  -1.4449896e+01
   1.2777742e+02  -1.3497216e+01
   1.2694516e+02  -1.3445720e+01
   1.2539677e+02  -1.4037926e+01
   1.2470000e+02  -1.4269659e+01
   1.2454516e+02  -1.4861865e+01
   1.2423548e+02  -1.5170842e+01
   1.2388710e+02  -1.5737300e+01
