   1.4239819e+02  -1.0922408e+01
   1.4203528e+02  -1.1308629e+01
   1.4178125e+02  -1.2132568e+01
   1.4167238e+02  -1.3110995e+01
   1.4163609e+02  -1.4346903e+01
   1.4158165e+02  -1.5016354e+01
   1.4145464e+02  -1.5969033e+01
   1.4109173e+02  -1.6792971e+01
   1.4094657e+02  -1.7385177e+01
   1.4061996e+02  -1.7642658e+01
   1.3998488e+02  -1.7797147e+01
   1.3962198e+02  -1.7410926e+01
   1.3858770e+02  -1.6870216e+01
   1.3788004e+02  -1.6535491e+01
   1.3735383e+02  -1.6046277e+01
   1.3673690e+02  -1.5969033e+01
   1.3637399e+02  -1.5557063e+01
   1.3586593e+02  -1.5273834e+01
   1.3570262e+02  -1.4887613e+01
   1.3601109e+02  -1.4063674e+01
   1.3602923e+02  -1.3548713e+01
   1.3655544e+02  -1.3162491e+01
   1.3690020e+02  -1.2415797e+01
   1.3664617e+02  -1.2209812e+01
   1.3626512e+02  -1.2312804e+01
   1.3592036e+02  -1.2364301e+01
   1.3541230e+02  -1.2338553e+01
   1.3510383e+02  -1.2312804e+01
   1.3468649e+02  -1.2209812e+01
   1.3396069e+02  -1.2055324e+01
   1.3361593e+02  -1.1926583e+01
   1.3323488e+02  -1.1720598e+01
   1.3267238e+02  -1.1540362e+01
   1.3227319e+02  -1.1540362e+01
   1.3250907e+02  -1.1875087e+01
   1.3238206e+02  -1.2158316e+01
   1.3176512e+02  -1.2338553e+01
   1.3123891e+02  -1.2312804e+01
   1.3080343e+02  -1.2287056e+01
   1.3056754e+02  -1.2827766e+01
   1.3034980e+02  -1.3213987e+01
   1.3029536e+02  -1.3548713e+01
   1.2982359e+02  -1.3806193e+01
   1.2962399e+02  -1.4295407e+01
   1.2962399e+02  -1.4501392e+01
   1.2966028e+02  -1.4810369e+01
   1.2964214e+02  -1.5042102e+01
   1.2918851e+02  -1.4939109e+01
   1.2868044e+02  -1.4939109e+01
   1.2833569e+02  -1.5248086e+01
   1.2799093e+02  -1.4630132e+01
   1.2757359e+02  -1.4140919e+01
   1.2713810e+02  -1.3883438e+01
   1.2664819e+02  -1.4037926e+01
   1.2608569e+02  -1.4243911e+01
   1.2563206e+02  -1.4604384e+01
   1.2521472e+02  -1.4604384e+01
   1.2505141e+02  -1.5093598e+01
   1.2467036e+02  -1.5402575e+01
   1.2443448e+02  -1.6020529e+01
   1.2425302e+02  -1.6355254e+01
   1.2383569e+02  -1.6226514e+01
   1.2361794e+02  -1.6458246e+01
   1.2370867e+02  -1.6947460e+01
   1.2361794e+02  -1.7256437e+01
   1.2323690e+02  -1.7024704e+01
   1.2300101e+02  -1.6561239e+01
   1.2269254e+02  -1.6973208e+01
   1.2205746e+02  -1.7385177e+01
   1.2218448e+02  -1.8080376e+01
   1.2187601e+02  -1.8389353e+01
   1.2154940e+02  -1.8878566e+01
   1.2093246e+02  -1.9445024e+01
   1.2042440e+02  -1.9625261e+01
   1.1997077e+02  -1.9934238e+01
   1.1937198e+02  -1.9908490e+01
   1.1880948e+02  -2.0140223e+01
   1.1795665e+02  -2.0423452e+01
   1.1710383e+02  -2.0655184e+01
   1.1610585e+02  -2.0835421e+01
   1.1503528e+02  -2.1504871e+01
   1.1445464e+02  -2.2045581e+01
   1.1418246e+02  -2.1891093e+01
   1.1391028e+02  -2.1865344e+01
   1.1372883e+02  -2.2483299e+01
   1.1374698e+02  -2.3049756e+01
   1.1365625e+02  -2.3616214e+01
   1.1338407e+02  -2.4053932e+01
   1.1361996e+02  -2.4723382e+01
   1.1380141e+02  -2.5650313e+01
   1.1403730e+02  -2.6113779e+01
   1.1352923e+02  -2.5959290e+01
   1.1343851e+02  -2.6371260e+01
   1.1389214e+02  -2.7014962e+01
   1.1409173e+02  -2.7787404e+01
   1.1441835e+02  -2.8276618e+01
   1.1472681e+02  -2.9023312e+01
   1.1501714e+02  -2.9950244e+01
   1.1525302e+02  -3.0799930e+01
   1.1547077e+02  -3.1495129e+01
   1.1557964e+02  -3.1932846e+01
   1.1574294e+02  -3.2190327e+01
   1.1574294e+02  -3.2705289e+01
   1.1574294e+02  -3.3374739e+01
   1.1516230e+02  -3.3632220e+01
   1.1527117e+02  -3.4224426e+01
   1.1563407e+02  -3.4481907e+01
   1.1585181e+02  -3.4713640e+01
   1.1635988e+02  -3.4971120e+01
   1.1674093e+02  -3.5099861e+01
   1.1717641e+02  -3.5151357e+01
   1.1761190e+02  -3.5177105e+01
   1.1797480e+02  -3.5151357e+01
   1.1853730e+02  -3.4765136e+01
   1.1893649e+02  -3.4584899e+01
   1.1946270e+02  -3.4301670e+01
   1.2013407e+02  -3.3992693e+01
   1.2078730e+02  -3.3941197e+01
   1.2147681e+02  -3.3966945e+01
   1.2193044e+02  -3.4018441e+01
   1.2240222e+02  -3.3941197e+01
   1.2303730e+02  -3.3966945e+01
   1.2372681e+02  -3.3838205e+01
   1.2401714e+02  -3.3091510e+01
   1.2494254e+02  -3.2756785e+01
   1.2583165e+02  -3.2370564e+01
   1.2673891e+02  -3.2164579e+01
   1.2793649e+02  -3.2113083e+01
   1.2869859e+02  -3.1881350e+01
   1.2915222e+02  -3.1726862e+01
   1.2985988e+02  -3.1701113e+01
   1.3040423e+02  -3.1701113e+01
   1.3122077e+02  -3.1649617e+01
   1.3183770e+02  -3.1907098e+01
   1.3269052e+02  -3.2087335e+01
   1.3347077e+02  -3.2216075e+01
   1.3397883e+02  -3.2473556e+01
   1.3417843e+02  -3.2756785e+01
   1.3455948e+02  -3.3117258e+01
   1.3492238e+02  -3.3554976e+01
   1.3521270e+02  -3.4172930e+01
   1.3552117e+02  -3.4739388e+01
   1.3575706e+02  -3.5022617e+01
   1.3626512e+02  -3.4378914e+01
   1.3693649e+02  -3.3889701e+01
   1.3762601e+02  -3.3194502e+01
   1.3780746e+02  -3.3529228e+01
   1.3755343e+02  -3.4172930e+01
   1.3695464e+02  -3.5099861e+01
   1.3757157e+02  -3.5099861e+01
   1.3798891e+02  -3.4765136e+01
   1.3817036e+02  -3.4456159e+01
   1.3835181e+02  -3.4868128e+01
   1.3831552e+02  -3.5305846e+01
   1.3813407e+02  -3.5717815e+01
   1.3887802e+02  -3.5614823e+01
   1.3934980e+02  -3.6001044e+01
   1.3969456e+02  -3.6464509e+01
   1.3976714e+02  -3.7082463e+01
   1.4031149e+02  -3.7700418e+01
   1.4067440e+02  -3.8035143e+01
   1.4105544e+02  -3.8241127e+01
   1.4134577e+02  -3.8447112e+01
   1.4189012e+02  -3.8498608e+01
   1.4243448e+02  -3.8472860e+01
   1.4285181e+02  -3.8704593e+01
   1.4332359e+02  -3.8859081e+01
   1.4368649e+02  -3.8962074e+01
   1.4401310e+02  -3.8575852e+01
   1.4450302e+02  -3.8241127e+01
   1.4488407e+02  -3.8086639e+01
   1.4501109e+02  -3.8653097e+01
   1.4544657e+02  -3.8524356e+01
   1.4573690e+02  -3.8987822e+01
   1.4624496e+02  -3.9116562e+01
   1.4675302e+02  -3.8884830e+01
   1.4764214e+02  -3.8138135e+01
   1.4845867e+02  -3.7829158e+01
   1.4923891e+02  -3.7803410e+01
   1.4976512e+02  -3.7880654e+01
   1.5009173e+02  -3.7674669e+01
   1.5010988e+02  -3.7056715e+01
   1.5025504e+02  -3.5898051e+01
   1.5074496e+02  -3.5254349e+01
   1.5119859e+02  -3.4250174e+01
   1.5165222e+02  -3.3168754e+01
   1.5235988e+02  -3.2576548e+01
   1.5301310e+02  -3.1237648e+01
   1.5319456e+02  -3.0078984e+01
   1.5361190e+02  -2.8868824e+01
   1.5326714e+02  -2.7452679e+01
   1.5310383e+02  -2.6294015e+01
   1.5292238e+02  -2.5470077e+01
   1.5265020e+02  -2.4955115e+01
   1.5226915e+02  -2.4646138e+01
   1.5181552e+02  -2.4028184e+01
   1.5119859e+02  -2.3693459e+01
   1.5101714e+02  -2.3178497e+01
   1.5076310e+02  -2.2612039e+01
   1.5025504e+02  -2.2277314e+01
   1.4985585e+02  -2.2097077e+01
   1.4963810e+02  -2.2200070e+01
   1.4922077e+02  -2.1298887e+01
   1.4885786e+02  -2.0706681e+01
   1.4851310e+02  -2.0165971e+01
   1.4815020e+02  -1.9805498e+01
   1.4760585e+02  -1.9522269e+01
   1.4735181e+02  -1.9136047e+01
   1.4702520e+02  -1.9007307e+01
   1.4666230e+02  -1.8904315e+01
   1.4635383e+02  -1.8595338e+01
   1.4609980e+02  -1.7642658e+01
   1.4600907e+02  -1.6844468e+01
   1.4562802e+02  -1.6458246e+01
   1.4542843e+02  -1.5608559e+01
   1.4521069e+02  -1.4810369e+01
   1.4466633e+02  -1.4269659e+01
   1.4414012e+02  -1.4321155e+01
   1.4366835e+02  -1.4140919e+01
   1.4361391e+02  -1.3291232e+01
   1.4334173e+02  -1.2621781e+01
   1.4308770e+02  -1.1978079e+01
   1.4286996e+02  -1.1308629e+01
   1.4267036e+02  -1.1025400e+01
   1.4239819e+02  -1.0922408e+01
